1, 6966, 91, 6966, normalIn, 6996, 88, 6996, normalOut
2, 7092, 94, 126, normalIn, 6996, 88, 0, normalOut
3, 7218, 97, 126, normalIn, 6996, 88, 0, normalOut
4, 7464, 101, 246, normalIn, 7158, 90, 162, normalOut
5, 7464, 101, 0, normalIn, 7158, 90, 0, normalOut
6, 7506, 102, 42, normalIn, 7158, 90, 0, normalOut
7, 7794, 107, 288, normalIn, 7320, 92, 162, normalOut
8, 7920, 110, 126, normalIn, 7320, 92, 0, normalOut
9, 8004, 112, 84, normalIn, 7320, 92, 0, normalOut
10, 8166, 114, 162, normalIn, 7320, 92, 0, normalOut
11, 8625, 120, 459, normalIn, 7835, 99, 515, normalOut
12, 37377, 178, 28752, normalIn, 35815, 153, 27980, normalOut
13, 165484, 417, 128107, normalIn, 163588, 388, 127773, normalOut
14, 295674, 652, 130190, normalIn, 294494, 626, 130906, normalOut
15, 425310, 886, 129636, normalIn, 424130, 860, 129636, normalOut
16, 749008, 1472, 323698, normalIn, 747112, 1443, 322982, normalOut
17, 1428212, 2698, 679204, normalIn, 1427032, 2672, 679920, normalOut
18, 2011574, 3751, 583362, normalIn, 2010394, 3725, 583362, normalOut
19, 3050324, 5626, 1038750, normalIn, 3048036, 5598, 1037642, normalOut
20, 4047132, 7427, 996808, normalIn, 4044844, 7399, 996808, normalOut
21, 5117460, 9359, 1070328, normalIn, 5114064, 9329, 1069220, normalOut
22, 6173384, 11265, 1055924, normalIn, 6170542, 11236, 1056478, normalOut
23, 7289856, 13282, 1116472, overloadIn, 7282582, 13245, 1112040, overloadOut
24, 8379574, 15249, 1089718, normalIn, 8376178, 15219, 1093596, normalOut
25, 9496992, 17266, 1117418, overloadIn, 9492488, 17234, 1116310, overloadOut
26, 10478359, 19040, 981367, normalIn, 10477174, 19014, 984686, normalOut
27, 11159845, 20271, 681486, normalIn, 11157557, 20243, 680383, normalOut
28, 11836833, 21493, 676988, normalIn, 11835653, 21467, 678096, normalOut
29, 12016008, 21819, 179175, normalIn, 12014269, 21792, 178616, normalOut
30, 12144602, 22052, 128594, normalIn, 12143422, 22026, 129153, normalOut
31, 12273130, 22284, 128528, normalIn, 12271950, 22258, 128528, normalOut
32, 12404036, 22522, 130906, normalIn, 12402856, 22496, 130906, normalOut
33, 12530348, 22750, 126312, normalIn, 12529168, 22724, 126312, normalOut
34, 12661646, 22987, 131298, normalIn, 12659912, 22960, 130744, normalOut
35, 12790890, 23222, 129244, normalIn, 12789156, 23195, 129244, normalOut
36, 13102792, 23785, 311902, normalIn, 13101058, 23758, 311902, normalOut
37, 13789198, 25024, 686406, normalIn, 13787464, 24997, 686406, normalOut
38, 14476320, 26266, 687122, normalIn, 14474586, 26239, 687122, normalOut
39, 15536122, 28179, 1059802, normalIn, 15534942, 28153, 1060356, normalOut
40, 16575426, 30055, 1039304, normalIn, 16571476, 30024, 1036534, normalOut
41, 17719598, 32122, 1144172, overloadIn, 17717148, 32092, 1145672, overloadOut
42, 18798790, 34070, 1079192, normalIn, 18795394, 34040, 1078246, normalOut
43, 19866902, 35998, 1068112, normalIn, 19865722, 35972, 1070328, normalOut
44, 20968970, 37989, 1102068, overloadIn, 20966520, 37959, 1100798, overloadOut
45, 22009936, 39868, 1040966, normalIn, 22005432, 39836, 1038912, normalOut
46, 22984493, 41628, 974557, normalIn, 22982754, 41601, 977322, normalOut
47, 23667382, 42865, 682889, normalIn, 23665618, 42838, 682864, normalOut
48, 24347140, 44092, 679758, normalIn, 24346092, 44068, 680474, normalOut
49, 24528965, 44422, 181825, normalIn, 24527912, 44398, 181820, normalOut
50, 24658800, 44659, 129835, normalIn, 24657330, 44636, 129418, normalOut
51, 24788598, 44895, 129798, normalIn, 24787682, 44873, 130352, normalOut
52, 24915464, 45124, 126866, normalIn, 24913994, 45101, 126312, normalOut
53, 25044546, 45357, 129082, normalIn, 25043630, 45335, 129636, normalOut
54, 25168250, 45582, 123704, normalIn, 25166780, 45559, 123150, normalOut
55, 25296778, 45814, 128528, normalIn, 25295308, 45791, 128528, normalOut
56, 25426968, 46049, 130190, normalIn, 25426052, 46027, 130744, normalOut
57, 25554550, 46281, 127582, normalIn, 25553634, 46259, 127582, normalOut
58, 25685294, 46517, 130744, normalIn, 25684378, 46495, 130744, normalOut
59, 25816038, 46753, 130744, normalIn, 25815122, 46731, 130744, normalOut
60, 25944728, 46987, 128690, normalIn, 25943812, 46965, 128690, normalOut
61, 26075472, 47223, 130744, normalIn, 26074556, 47201, 130744, normalOut
62, 26206216, 47459, 130744, normalIn, 26205300, 47437, 130744, normalOut
63, 26337676, 47698, 131460, normalIn, 26336760, 47676, 131460, normalOut
64, 26464542, 47927, 126866, normalIn, 26463626, 47905, 126866, normalOut
65, 26594732, 48162, 130190, normalIn, 26593816, 48140, 130190, normalOut
66, 26725638, 48400, 130906, normalIn, 26724722, 48378, 130906, normalOut
67, 26854720, 48633, 129082, normalIn, 26853804, 48611, 129082, normalOut
68, 26983248, 48865, 128528, normalIn, 26982332, 48843, 128528, normalOut
69, 27110830, 49097, 127582, normalIn, 27109914, 49075, 127582, normalOut
70, 27239912, 49330, 129082, normalIn, 27238442, 49307, 128528, normalOut
71, 27368994, 49563, 129082, normalIn, 27368120, 49542, 129678, normalOut
